121165
64000
119723
91886
63259
85729
59755
61533
62123
143919
130431
53776
106564
65104
141217
127857
101962
103239
62766
132335
62610
93814
75002
122769
90626
88623
132719
93092
92484
143905
148772
58193
97497
114627
145752
53189
69120
135571
53725
83398
95051
109821
77606
55106
118614
142909
136813
91649
127740
148565
101107
132123
52567
53574
139343
75059
74699
65113
136918
59934
114739
56001
68115
132301
116903
120235
71511
60067
75153
52940
130889
119069
62090
92194
116599
145027
105287
103301
69267
119555
64055
93747
80838
72570
59103
75620
138948
108738
96864
74688
86825
107052
66393
55954
119844
69869
109067
55539
94247
69490
